000000000000000000000000000000000000000000000000000000000000000000000000000000000000000000000000000000000000000000000000
000000000000000000000000000000000000000000000000000000000000000000000000000000000000000000000000000000000000000000000000
000000000000000000000000000000000000000000000000000000000000000000000000000000000000000000000000000000000000000000000000
000000000000000000000000000000000000000000000000000000000000000000000000000000000000000000000000000000000000000000000000
000000000000000000000000000000000000000000000000000000000000000000000000000000000000000000000000000000000000000000000000
000000000000000000000000000000000000000000000000000000000000000000000000000000000000000000000000000000000000000000000000
000000000000000000000000000000000000000000000000000000000000000000000000000000000000000000000000000000000000000000000000
000000000000000000000000000000000000000000000000000000000000000000000000000000000000000000000000000000000000000000000000
000000000000000000000000000000000000000000000000000000000000000000000000000000000000000000000000000000000000000000000000
000000000000000000000000000000000000000000000000000000000000000000000000000000000000000000000000000000000000000000000000
000000000000000000000000000000000000000000000000000000000000000000000000000000000000000000000000000000000000000000000000
000000000000000000000000000000000000000000000000000000000000000000000000000000000000000000000000000000000000000000000000
000000000000000000000000000000000000000000000000000000000000000000000000000000000000000000000000000000000000000000000000
000000000000000000000000000000000000000000000000000000000000000000000000000000000000000000000000000000000000000000000000
000000000000000000000000000000000000000000000000000000000000000000000000000000000000000000000000000000000000000000000000
000000000000000000000000000000000000000000000000000000000000000000000000000000000000000000000000000000000000000000000000
000000000000000000000000000000000000000000000000000000000000000000000000000000000000000000000000000000000000000000000000
000000000000000000000000000000000000000000000000000000000000000000000000000000000000000000000000000000000000000000000000
000000000000000000000000000000000000000000000000000000000000000000000000000000000000000000000000000000000000000000000000
000000000000000000000000000000000000000000000000000000000000000000000000000000000000000000000000000000000000000000000000
000000000000000000000000000000000000000000000000110000000000000000000000000000000000000000000000000000000000000000000000
000000000000000000000000000000000000000000000000100100000000000000000000000000000000000000000000000000000000000000000000
000000000000000000000000000000000000000000000000100010000000000000000000000000000000000000000000000000000000000000000000
000000000000000000000000000000000000000000000000001110000000000000000000000000000000000000000000000000000000000000000000
000000000000000000000000000000000000000000000011000000111100000000000000000000000000000000000000000000000000000000000000
000000000000000000000000000000000000000000000010110000111100000000000000000000000000000000000000000000000000000000000000
000000000000000000000000000000000000000000000100001000000111000000000000000000000000000000000000000000000000000000000000
000000000000000000000000000000000000000000000011110000110001000000000000000000000000000000000000000000000000000000000000
000000000000000000000000000000000000000000001000000000110000000000000000000000000000000000000000000000000000000000000000
000000000000000000000000000000000000000000000100010000000000000000000000000000000000000000000000000000000000000000000000
000000000000000000000000000000000000000000000000001110011001000000000000000000000000000000000000000000000000000000000000
000000000000000000000000000000000000000000000011000000010000100000000000000000000000000000000000000000000000000000000000
000000000000000000000000000000000000000000000000000000000101100000000000000000000000000000000000000000000000000000000000
000000000000000000000000000000000000000000000000000000110000001000000000000000000000000000000000000000000000000000000000
000000000000000000000000000000000000000000000000000000011011101000000000000000000000000000000000000000000000000000000000
000000000000000000000000000000000000000000000000000000110001001000000000000000000000000000000000000000000000000000000000
000000000000000000000000000000000000000000000000000000101001100000000000000000000000000000000000000000000000000000000000
000000000000000000000000000000000000000000000000000000100101010000000000000000000000000000000000000000000000000000000000
000000000000000000000000000000000000000000000000000000111000000100000000000000000000000000000000000000000000000000000000
000000000000000000000000000000000000000000000000000000010101000100000000000000000000000000000000000000000000000000000000
000000000000000000000000000000000000000000000000000000000011010100000000000000000000000000000000000000000000000000000000
000000000000000000000000000000000000000000000000000000010000001110000000000000000000000000000000000000000000000000000000
000000000000000000000000000000000000000000000000000000000000000000000000000000000000000000000000000000000000000000000000
000000000000000000000000000000000000000000000000000000010000000001000000000000000000000000000000000000000000000000000000
000000000000000000000000000000000000000000000000000000010001000000100000000000000000000000000000000000000000000000000000
000000000000000000000000000000000000000000000000000000001000001111100000000000000000000000000000000000000000000000000000
000000000000000000000000000000000000000000000000000000001110000000000000000000000000000000000000000000000000000000000000
000000000000000000000000000000000000000000000000000000000000110000000000000000000000000000000000000000000000000000000000
000000000000000000000000000000000000000000000000000000000111001000000000000000000000000000000000000000000000000000000000
000000000000000000000000000000000000000000000000000000010111010000000000000000000000000000000000000000000000000000000000
000000000000000000000000000000000000000000000000000000100010010000000000000000000000000000000000000000000000000000000000
000000000000000000000000000000000000000000000000000000010000110111000000000000000000000000000000000000000000000000000000
000000000000000000000000000000000000000000000000000000000111101000011000000000000000000000000000000000000000000000000000
000000000000000000000000000000000000000000000000000000000101111000011000000000000000000000000000000000000000000000000000
000000000000000000000000000000000000000000000000000000000000000100000000000000000000000000000000000000000000000000000000
000000000000000000000000000000000000000000000000000000000000000010011000000000000000000000000000000000000000000000000000
000000000000000000000000000000000000000000000000000000000000000011000000000000000000000000000000000000000000000000000000
000000000000000000000000000000000000000000000000000000000000000001111100000000000000000000000000000000000000000000000000
000000000000000000000000000000000000000000000000000000000000000000000110000000000000000000000000000000000000000000000000
000000000000000000000000000000000000000000000000000000000000000111000000100000000000000000000000000000000000000000000000
000000000000000000000000000000000000000000000000000000000000000010100010100000000000000000000000000000000000000000000000
000000000000000000000000000000000000000000000000000000000000000100010001000000000000000000000000000000000000000000000000
000000000000000000000000000000000000000000000000000000000000000100011000000000000000000000000000000000000000000000000000
000000000000000000000000000000000000000000000000000000000000001000000101110000000000000000000000000000000000000000000000
000000000000000000000000000000000000000000000000000000000000000110001000110000000000000000000000000000000000000000000000
000000000000000000000000000000000000000000000000000000000000000011110010010000000000000000000000000000000000000000000000
000000000000000000000000000000000000000000000000000000000000000000110001000000000000000000000000000000000000000000000000
000000000000000000000000000000000000000000000000000000000000000001000000000000000000000000000000000000000000000000000000
000000000000000000000000000000000000000000000000000000000000000001101000000000000000000000000000000000000000000000000000
000000000000000000000000000000000000000000000000000000000000000010000000000000000000000000000000000000000000000000000000
000000000000000000000000000000000000000000000000000000000000000111110000000000000000000000000000000000000000000000000000
000000000000000000000000000000000000000000000000000000000000000100001000000000000000000000000000000000000000000000000000
000000000000000000000000000000000000000000000000000000000000001110111000000000000000000000000000000000000000000000000000
000000000000000000000000000000000000000000000000000000000000001011111000000000000000000000000000000000000000000000000000
000000000000000000000000000000000000000000000000000000000000001000000000000000000000000000000000000000000000000000000000
000000000000000000000000000000000000000000000000000000000000000010000000000000000000000000000000000000000000000000000000
000000000000000000000000000000000000000000000000000000000000100001111000000000000000000000000000000000000000000000000000
000000000000000000000000000000000000000000000000000000000000000011110110000000000000000000000000000000000000000000000000
000000000000000000000000000000000000000000000000000000000000011100001000000000000000000000000000000000000000000000000000
000000000000000000000000000000000000000000000000000000000000000000001010000000000000000000000000000000000000000000000000
000000000000000000000000000000000000000000000000000000000000000000000000100000000000000000000000000000000000000000000000
000000000000000000000000000000000000000000000000000000000000000000001001100000000000000000000000000000000000000000000000
000000000000000000000000000000000000000000000000000000000000000000000111000000000000000000000000000000000000000000000000
000000000000000000000000000000000000000000000000000000000000000000110000000000000000000000000000000000000000000000000000
000000000000000000000000000000000000000000000000000000000000000001110000010000000000000000000000000000000000000000000000
000000000000000000000000000000000000000000000000000000000000000000001100101000000000000000000000000000000000000000000000
000000000000000000000000000000000000000000000000000000000000000001001110101000000000000000000000000000000000000000000000
000000000000000000000000000000000000000000000000000000000000000000110100100000000000000000000000000000000000000000000000
000000000000000000000000000000000000000000000000000000000000000000001010011000000000000000000000000000000000000000000000
000000000000000000000000000000000000000000000000000000000000000000000011000000000000000000000000000000000000000000000000
000000000000000000000000000000000000000000000000000000000000000000111000010000000000000000000000000000000000000000000000
000000000000000000000000000000000000000000000000000000000000000000111000010000000000000000000000000000000000000000000000
000000000000000000000000000000000000000000000000000000000000000000011000111000000000000000000000000000000000000000000000
000000000000000000000000000000000000000000000000000000000000000000001101100000000000000000000000000000000000000000000000
000000000000000000000000000000000000000000000000000000000000000000000110000000000000000000000000000000000000000000000000
000000000000000000000000000000000000000000000000000000000000000000000100000000000000000000000000000000000000000000000000
000000000000000000000000000000000000000000000000000000000000000000000000000000000000000000000000000000000000000000000000
000000000000000000000000000000000000000000000000000000000000000000001100000000000000000000000000000000000000000000000000
000000000000000000000000000000000000000000000000000000000000000000000010000000000000000000000000000000000000000000000000
000000000000000000000000000000000000000000000000000000000000000000000000000000000000000000000000000000000000000000000000
000000000000000000000000000000000000000000000000000000000000000000000000000000000000000000000000000000000000000000000000
000000000000000000000000000000000000000000000000000000000000000000000000000000000000000000000000000000000000000000000000
000000000000000000000000000000000000000000000000000000000000000000000000000000000000000000000000000000000000000000000000
000000000000000000000000000000000000000000000000000000000000000000000000000000000000000000000000000000000000000000000000
000000000000000000000000000000000000000000000000000000000000000000000000000000000000000000000000000000000000000000000000
000000000000000000000000000000000000000000000000000000000000000000000000000000000000000000000000000000000000000000000000
000000000000000000000000000000000000000000000000000000000000000000000000000000000000000000000000000000000000000000000000
000000000000000000000000000000000000000000000000000000000000000000000000000000000000000000000000000000000000000000000000
000000000000000000000000000000000000000000000000000000000000000000000000000000000000000000000000000000000000000000000000
000000000000000000000000000000000000000000000000000000000000000000000000000000000000000000000000000000000000000000000000
000000000000000000000000000000000000000000000000000000000000000000000000000000000000000000000000000000000000000000000000
000000000000000000000000000000000000000000000000000000000000000000000000000000000000000000000000000000000000000000000000
000000000000000000000000000000000000000000000000000000000000000000000000000000000000000000000000000000000000000000000000
000000000000000000000000000000000000000000000000000000000000000000000000000000000000000000000000000000000000000000000000
000000000000000000000000000000000000000000000000000000000000000000000000000000000000000000000000000000000000000000000000
000000000000000000000000000000000000000000000000000000000000000000000000000000000000000000000000000000000000000000000000
000000000000000000000000000000000000000000000000000000000000000000000000000000000000000000000000000000000000000000000000
000000000000000000000000000000000000000000000000000000000000000000000000000000000000000000000000000000000000000000000000
000000000000000000000000000000000000000000000000000000000000000000000000000000000000000000000000000000000000000000000000
000000000000000000000000000000000000000000000000000000000000000000000000000000000000000000000000000000000000000000000000
